v2.0 raw
0 78002 7a003 78600 70400 251*0 2000 0
0 0 4000 0 0 0 6000 0
0 0 8000 0 0 0 a000 0
0 0 e000 0 0 0 10000 0
0 0 1211d 14000 0 0 16121 18000
0 0 1a000 0 0 0 1c000 0
0 0 1e000 0 0 0 20000 0
0 0 22000 0 0 0 24000 0
0 0 26000 0 0 0 28000 0
0 0 2a000 0 0 0 2c000 0
0 0 814d 2e14e 30000 0 a151 2e152
30000 0 e155 32156 34000 0 10159 3215a
34000 0 815d 3615e 30000 0 a161 36162
30000 0 e165 38166 34000 0 10169 3816a
34000 0 3a000 0 0 0 3c000 0
0 0 3e000 0 0 0 40000 0
0 0 42000 0 0 0 44000 0
0 0 46000 0 0 0 4e000 0
0 0 50000 0 0 0 52000 0
0 0 54000 0 0 0 56000 0
0 0 58000 0 0 0 5a000 0
0 0 5c000 0 0 0 5e000 0
0 0 60000 0 0 0 62000 0
0 0 64000 0 0 0 66000 0
0 0 68000 0 0 0 6a000 0
0 0 6c000 0 0 0 6e000 0
0 0 204 0 0 0 a04 0
0 0 1204 0 0 0 721d9 14204
0 0 161dd 74000
